SETUP																																																																		
N.SSMU	N.Bathtub	N.season	Timeseries.Yrs	Krill.Rage	Init.Season	Base.Fishing.Option																																																												
15	3	2	38	2	1	3																																																												
																																																																		
SSMU.INFO																																																																		
SSMU	SSMU	Area.(m2)	Historical.Catch(g)																																																															
1.0000	APPA	422076000000.0000	25376000000.0000																																																															
2.0000	APW	35060000000.0000	7400000000.0000																																																															
3.0000	APDPW	15068000000.0000	227741000000.0000																																																															
4.0000	APDPE	15584000000.0000	103169000000.0000																																																															
5.0000	APBSW	21017000000.0000	11463000000.0000																																																															
6.0000	APBSE	27447000000.0000	5952000000.0000																																																															
7.0000	APEI	35322000000.0000	94930000000.0000																																																															
8.0000	APE	58704000000.0000	25000000.0000																																																															
9.0000	SOPA	809163000000.0000	6248000000.0000																																																															
10.0000	SOW	15569000000.0000	217374000000.0000																																																															
11.0000	SONE	10251000000.0000	15856000000.0000																																																															
12.0000	SOSE	14954000000.0000	19531000000.0000																																																															
13.0000	SGPA	919534000000.0000	7822000000.0000																																																															
14.0000	SGW	42119000000.0000	31436000000.0000																																																															
15.0000	SGE	53735000000.0000	208870000000.0000																																																															
16.0000	BT1	1880000000000.0000	NA																																																															
17.0000	BT2	780000000000.0000	NA																																																															
18.0000	BT3	524000000000.0000	NA																																																															
																																																																		
WHALES																																																																		
		Rage	init.type	init.value	Jphi	M	Mswitch	Mprop	Ralpha	RSpeak	RRpeak	Rphi	Qq	QQmax	Qk5	M	Mswitch	Mprop	Ralpha	RSpeak	RRpeak	Rphi	Qq	QQmax	Qk5	p1	p2	p3	p4	p5	p6	p7	p8	p9	p10	p11	p12	p13	p14	p15	p16	p17	p18	p1	p2	p3	p4	p5	p6	p7	p8	p9	p10	p11	p12	p13	p14	p15	p16	p17	p18					
SSMU	SSMU	NA	NA	NA	NA	1	1	1	1	1	1	1	1	1	1	2	2	2	2	2	2	2	2	2	2	1	1	1	1	1	1	1	1	1	1	1	1	1	1	1	1	1	1	2	2	2	2	2	2	2	2	2	2	2	2	2	2	2	2	2	2					
1	APPA	5	N	2680	NA	0.0350	0.0000	0.0000	0.1077	17418	1153	0.3700	0.0000	119440271.8000	15.0000	0.0350	0.0000	0.0000	0.0000	NA	NA	NA	0.0000	0.0000	15.0000	0.6697	0.0556	0.0239	0.0247	0.0333	0.0435	0.0560	0.0931	0.0000	0.0000	0.0000	0.0000	0.0000	0.0000	0.0000	0.0000	0.0000	0.0000	0.0000	0.0000	0.0000	0.0000	0.0000	0.0000	0.0000	0.0000	0.0000	0.0000	0.0000	0.0000	0.0000	0.0000	0.0000	0.0000	0.0000	0.0000					
2	APW	5	N	0	NA	NA	NA	NA	NA	NA	NA	NA	NA	NA	NA	NA	NA	NA	NA	NA	NA	NA	NA	NA	NA	NA	NA	NA	NA	NA	NA	NA	NA	NA	NA	NA	NA	NA	NA	NA	NA	NA	NA	NA	NA	NA	NA	NA	NA	NA	NA	NA	NA	NA	NA	NA	NA	NA	NA	NA	NA					
3	APDPW	5	N	0	NA	NA	NA	NA	NA	NA	NA	NA	NA	NA	NA	NA	NA	NA	NA	NA	NA	NA	NA	NA	NA	NA	NA	NA	NA	NA	NA	NA	NA	NA	NA	NA	NA	NA	NA	NA	NA	NA	NA	NA	NA	NA	NA	NA	NA	NA	NA	NA	NA	NA	NA	NA	NA	NA	NA	NA	NA					
4	APDPE	5	N	0	NA	NA	NA	NA	NA	NA	NA	NA	NA	NA	NA	NA	NA	NA	NA	NA	NA	NA	NA	NA	NA	NA	NA	NA	NA	NA	NA	NA	NA	NA	NA	NA	NA	NA	NA	NA	NA	NA	NA	NA	NA	NA	NA	NA	NA	NA	NA	NA	NA	NA	NA	NA	NA	NA	NA	NA	NA					
5	APBSW	5	N	0	NA	NA	NA	NA	NA	NA	NA	NA	NA	NA	NA	NA	NA	NA	NA	NA	NA	NA	NA	NA	NA	NA	NA	NA	NA	NA	NA	NA	NA	NA	NA	NA	NA	NA	NA	NA	NA	NA	NA	NA	NA	NA	NA	NA	NA	NA	NA	NA	NA	NA	NA	NA	NA	NA	NA	NA	NA					
6	APBSE	5	N	0	NA	NA	NA	NA	NA	NA	NA	NA	NA	NA	NA	NA	NA	NA	NA	NA	NA	NA	NA	NA	NA	NA	NA	NA	NA	NA	NA	NA	NA	NA	NA	NA	NA	NA	NA	NA	NA	NA	NA	NA	NA	NA	NA	NA	NA	NA	NA	NA	NA	NA	NA	NA	NA	NA	NA	NA	NA					
7	APEI	5	N	0	NA	NA	NA	NA	NA	NA	NA	NA	NA	NA	NA	NA	NA	NA	NA	NA	NA	NA	NA	NA	NA	NA	NA	NA	NA	NA	NA	NA	NA	NA	NA	NA	NA	NA	NA	NA	NA	NA	NA	NA	NA	NA	NA	NA	NA	NA	NA	NA	NA	NA	NA	NA	NA	NA	NA	NA	NA					
8	APE	5	N	0	NA	NA	NA	NA	NA	NA	NA	NA	NA	NA	NA	NA	NA	NA	NA	NA	NA	NA	NA	NA	NA	NA	NA	NA	NA	NA	NA	NA	NA	NA	NA	NA	NA	NA	NA	NA	NA	NA	NA	NA	NA	NA	NA	NA	NA	NA	NA	NA	NA	NA	NA	NA	NA	NA	NA	NA	NA					
9	SOPA	6	N	2970	NA	0.0289	0.0000	0.0000	0.1032	19307	1098	0.3700	0.0000	131401312.9000	15.0000	0.0289	0.0000	0.0000	0.0000	NA	NA	NA	0.0000	0.0000	15.0000	0.0000	0.0000	0.0000	0.0000	0.0000	0.0000	0.0000	0.0000	0.4338	0.0083	0.0055	0.0080	0.4930	0.0226	0.0288	0.0000	0.0000	0.0000	0.0000	0.0000	0.0000	0.0000	0.0000	0.0000	0.0000	0.0000	0.0000	0.0000	0.0000	0.0000	0.0000	0.0000	0.0000	0.0000	0.0000	0.0000					
10	SOW	6	N	0	NA	NA	NA	NA	NA	NA	NA	NA	NA	NA	NA	NA	NA	NA	NA	NA	NA	NA	NA	NA	NA	NA	NA	NA	NA	NA	NA	NA	NA	NA	NA	NA	NA	NA	NA	NA	NA	NA	NA	NA	NA	NA	NA	NA	NA	NA	NA	NA	NA	NA	NA	NA	NA	NA	NA	NA	NA					
11	SONE	6	N	0	NA	NA	NA	NA	NA	NA	NA	NA	NA	NA	NA	NA	NA	NA	NA	NA	NA	NA	NA	NA	NA	NA	NA	NA	NA	NA	NA	NA	NA	NA	NA	NA	NA	NA	NA	NA	NA	NA	NA	NA	NA	NA	NA	NA	NA	NA	NA	NA	NA	NA	NA	NA	NA	NA	NA	NA	NA					
12	SOSE	6	N	0	NA	NA	NA	NA	NA	NA	NA	NA	NA	NA	NA	NA	NA	NA	NA	NA	NA	NA	NA	NA	NA	NA	NA	NA	NA	NA	NA	NA	NA	NA	NA	NA	NA	NA	NA	NA	NA	NA	NA	NA	NA	NA	NA	NA	NA	NA	NA	NA	NA	NA	NA	NA	NA	NA	NA	NA	NA					
13	SGPA	6	N	0	NA	NA	NA	NA	NA	NA	NA	NA	NA	NA	NA	NA	NA	NA	NA	NA	NA	NA	NA	NA	NA	NA	NA	NA	NA	NA	NA	NA	NA	NA	NA	NA	NA	NA	NA	NA	NA	NA	NA	NA	NA	NA	NA	NA	NA	NA	NA	NA	NA	NA	NA	NA	NA	NA	NA	NA	NA					
14	SGW	6	N	0	NA	NA	NA	NA	NA	NA	NA	NA	NA	NA	NA	NA	NA	NA	NA	NA	NA	NA	NA	NA	NA	NA	NA	NA	NA	NA	NA	NA	NA	NA	NA	NA	NA	NA	NA	NA	NA	NA	NA	NA	NA	NA	NA	NA	NA	NA	NA	NA	NA	NA	NA	NA	NA	NA	NA	NA	NA					
15	SGE	6	N	0	NA	NA	NA	NA	NA	NA	NA	NA	NA	NA	NA	NA	NA	NA	NA	NA	NA	NA	NA	NA	NA	NA	NA	NA	NA	NA	NA	NA	NA	NA	NA	NA	NA	NA	NA	NA	NA	NA	NA	NA	NA	NA	NA	NA	NA	NA	NA	NA	NA	NA	NA	NA	NA	NA	NA	NA	NA					
																																																																		
SEALS																																																																		
		Rage	init.type	init.value	Jphi	M	Mswitch	Mprop	Ralpha	RSpeak	RRpeak	Rphi	Qq	QQmax	Qk5	M	Mswitch	Mprop	Ralpha	RSpeak	RRpeak	Rphi	Qq	QQmax	Qk5	p1	p2	p3	p4	p5	p6	p7	p8	p9	p10	p11	p12	p13	p14	p15	p16	p17	p18	p1	p2	p3	p4	p5	p6	p7	p8	p9	p10	p11	p12	p13	p14	p15	p16	p17	p18					
SSMU	SSMU	NA	NA	NA	NA	1	1	1	1	1	1	1	1	1	1	2	2	2	2	2	2	2	2	2	2	1	1	1	1	1	1	1	1	1	1	1	1	1	1	1	1	1	1	2	2	2	2	2	2	2	2	2	2	2	2	2	2	2	2	2	2					
1	APPA	NA	N	0	NA	NA	NA	NA	NA	NA	NA	NA	NA	NA	NA	0.0000	NA	NA	NA	NA	NA	NA	NA	NA	NA	NA	NA	NA	NA	NA	NA	NA	NA	NA	NA	NA	NA	NA	NA	NA	NA	NA	NA	NA	NA	NA	NA	NA	NA	NA	NA	NA	NA	NA	NA	NA	NA	NA	NA	NA	NA					
2	APW	NA	N	0	NA	NA	NA	NA	NA	NA	NA	NA	NA	NA	NA	0.0000	NA	NA	NA	NA	NA	NA	NA	NA	NA	NA	NA	NA	NA	NA	NA	NA	NA	NA	NA	NA	NA	NA	NA	NA	NA	NA	NA	NA	NA	NA	NA	NA	NA	NA	NA	NA	NA	NA	NA	NA	NA	NA	NA	NA	NA					
3	APDPW	4	N	413	0.1000	0.1306	0.0000	0.0000	0.3978	7933	1464	0.3700	0.0000	3507360.0000	20.0000	0.1306	0.0000	0.0000	0.0000	NA	NA	NA	0.0000	2260218.0000	20.0000	0.0000	0.0000	1.0000	0.0000	0.0000	0.0000	0.0000	0.0000	0.0000	0.0000	0.0000	0.0000	0.0000	0.0000	0.0000	0.0000	0.0000	0.0000	0.0900	0.0100	0.0000	0.0000	0.0000	0.0100	0.0100	0.0100	0.1600	0.0000	0.0000	0.0000	0.1800	0.0100	0.0100	0.1000	0.3000	0.1000					
4	APDPE	4	N	7	0.1000	0.1306	0.0000	0.0000	0.3978	137	32	0.3700	0.0000	3507360.0000	20.0000	0.1306	0.0000	0.0000	0.0000	NA	NA	NA	0.0000	2260218.0000	20.0000	0.0000	0.0000	0.0000	1.0000	0.0000	0.0000	0.0000	0.0000	0.0000	0.0000	0.0000	0.0000	0.0000	0.0000	0.0000	0.0000	0.0000	0.0000	0.0900	0.0100	0.0000	0.0000	0.0000	0.0100	0.0100	0.0100	0.1600	0.0000	0.0000	0.0000	0.1800	0.0100	0.0100	0.1000	0.3000	0.1000					
5	APBSW	NA	N	0	NA	NA	NA	NA	NA	NA	NA	NA	NA	NA	NA	0.0000	NA	NA	NA	NA	NA	NA	NA	NA	NA	NA	NA	NA	NA	NA	NA	NA	NA	NA	NA	NA	NA	NA	NA	NA	NA	NA	NA	NA	NA	NA	NA	NA	NA	NA	NA	NA	NA	NA	NA	NA	NA	NA	NA	NA	NA					
6	APBSE	NA	N	0	NA	NA	NA	NA	NA	NA	NA	NA	NA	NA	NA	0.0000	NA	NA	NA	NA	NA	NA	NA	NA	NA	NA	NA	NA	NA	NA	NA	NA	NA	NA	NA	NA	NA	NA	NA	NA	NA	NA	NA	NA	NA	NA	NA	NA	NA	NA	NA	NA	NA	NA	NA	NA	NA	NA	NA	NA	NA					
7	APEI	4	N	34	0.1000	0.1306	0.0000	0.0000	0.3978	651	125	0.3700	0.0000	3507360.0000	20.0000	0.1306	0.0000	0.0000	0.0000	NA	NA	NA	0.0000	2260218.0000	20.0000	0.0000	0.0000	0.0000	0.0000	0.0000	0.0000	1.0000	0.0000	0.0000	0.0000	0.0000	0.0000	0.0000	0.0000	0.0000	0.0000	0.0000	0.0000	0.0900	0.0100	0.0000	0.0000	0.0000	0.0100	0.0100	0.0100	0.1600	0.0000	0.0000	0.0000	0.1800	0.0100	0.0100	0.1000	0.3000	0.1000					
8	APE	NA	N	0	NA	NA	NA	NA	NA	NA	NA	NA	NA	NA	NA	0.0000	NA	NA	NA	NA	NA	NA	NA	NA	NA	NA	NA	NA	NA	NA	NA	NA	NA	NA	NA	NA	NA	NA	NA	NA	NA	NA	NA	NA	NA	NA	NA	NA	NA	NA	NA	NA	NA	NA	NA	NA	NA	NA	NA	NA	NA					
9	SOPA	NA	N	0	NA	NA	NA	NA	NA	NA	NA	NA	NA	NA	NA	0.0000	NA	NA	NA	NA	NA	NA	NA	NA	NA	NA	NA	NA	NA	NA	NA	NA	NA	NA	NA	NA	NA	NA	NA	NA	NA	NA	NA	NA	NA	NA	NA	NA	NA	NA	NA	NA	NA	NA	NA	NA	NA	NA	NA	NA	NA					
10	SOW	NA	N	0	NA	NA	NA	NA	NA	NA	NA	NA	NA	NA	NA	0.0000	NA	NA	NA	NA	NA	NA	NA	NA	NA	NA	NA	NA	NA	NA	NA	NA	NA	NA	NA	NA	NA	NA	NA	NA	NA	NA	NA	NA	NA	NA	NA	NA	NA	NA	NA	NA	NA	NA	NA	NA	NA	NA	NA	NA	NA					
11	SONE	NA	N	0	NA	NA	NA	NA	NA	NA	NA	NA	NA	NA	NA	0.0000	NA	NA	NA	NA	NA	NA	NA	NA	NA	NA	NA	NA	NA	NA	NA	NA	NA	NA	NA	NA	NA	NA	NA	NA	NA	NA	NA	NA	NA	NA	NA	NA	NA	NA	NA	NA	NA	NA	NA	NA	NA	NA	NA	NA	NA					
12	SOSE	NA	N	0	NA	NA	NA	NA	NA	NA	NA	NA	NA	NA	NA	0.0000	NA	NA	NA	NA	NA	NA	NA	NA	NA	NA	NA	NA	NA	NA	NA	NA	NA	NA	NA	NA	NA	NA	NA	NA	NA	NA	NA	NA	NA	NA	NA	NA	NA	NA	NA	NA	NA	NA	NA	NA	NA	NA	NA	NA	NA					
13	SGPA	NA	N	0	NA	NA	NA	NA	NA	NA	NA	NA	NA	NA	NA	0.0000	NA	NA	NA	NA	NA	NA	NA	NA	NA	NA	NA	NA	NA	NA	NA	NA	NA	NA	NA	NA	NA	NA	NA	NA	NA	NA	NA	NA	NA	NA	NA	NA	NA	NA	NA	NA	NA	NA	NA	NA	NA	NA	NA	NA	NA					
14	SGW	4	N	70208	0.1000	0.1306	0.0000	0.0000	0.3978	1024994	185117	0.3700	0.0000	3507360.0000	20.0000	0.1306	0.0000	0.0000	0.0000	NA	NA	NA	0.0000	2260218.0000	20.0000	0.0000	0.0000	0.0000	0.0000	0.0000	0.0000	0.0000	0.0000	0.0000	0.0000	0.0000	0.0000	0.0000	1.0000	0.0000	0.0000	0.0000	0.0000	0.0900	0.0100	0.0000	0.0000	0.0000	0.0100	0.0100	0.0100	0.1600	0.0000	0.0000	0.0000	0.1800	0.0100	0.0100	0.1000	0.3000	0.1000					
15	SGE	4	N	700	0.1000	0.1306	0.0000	0.0000	0.3978	10215	1886	0.3700	0.0000	3507360.0000	20.0000	0.1306	0.0000	0.0000	0.0000	NA	NA	NA	0.0000	2260218.0000	20.0000	0.0000	0.0000	0.0000	0.0000	0.0000	0.0000	0.0000	0.0000	0.0000	0.0000	0.0000	0.0000	0.0000	0.0000	1.0000	0.0000	0.0000	0.0000	0.0900	0.0100	0.0000	0.0000	0.0000	0.0100	0.0100	0.0100	0.1600	0.0000	0.0000	0.0000	0.1800	0.0100	0.0100	0.1000	0.3000	0.1000					
																																																																		
PENGS																																																																		
		Rage	init.type	init.value	Jphi	M	Mswitch	Mprop	Ralpha	RSpeak	RRpeak	Rphi	Qq	QQmax	Qk5	M	Mswitch	Mprop	Ralpha	RSpeak	RRpeak	Rphi	Qq	QQmax	Qk5	p1	p2	p3	p4	p5	p6	p7	p8	p9	p10	p11	p12	p13	p14	p15	p16	p17	p18	p1	p2	p3	p4	p5	p6	p7	p8	p9	p10	p11	p12	p13	p14	p15	p16	p17	p18					
SSMU	SSMU	NA	NA	NA	NA	1	1	1	1	1	1	1	1	1	1	2	2	2	2	2	2	2	2	2	2	1	1	1	1	1	1	1	1	1	1	1	1	1	1	1	1	1	1	2	2	2	2	2	2	2	2	2	2	2	2	2	2	2	2	2	2					
1	APPA	NA	N	0	NA	NA	NA	NA	NA	NA	NA	NA	NA	NA	NA	NA	NA	NA	NA	NA	NA	NA	NA	NA	NA	NA	NA	NA	NA	NA	NA	NA	NA	NA	NA	NA	NA	NA	NA	NA	NA	NA	NA	NA	NA	NA	NA	NA	NA	NA	NA	NA	NA	NA	NA	NA	NA	NA	NA	NA	NA					
2	APW	4	N	241540	1.0000	0.0835	0.0000	0.0000	0.1986	260472	78527	0.3700	0.0000	676754.0000	20.0000	0.0835	0.0000	0.0000	0.0000	NA	NA	NA	0.0000	481040.0000	20.0000	0.0000	1.0000	0.0000	0.0000	0.0000	0.0000	0.0000	0.0000	0.0000	0.0000	0.0000	0.0000	0.0000	0.0000	0.0000	0.0000	0.0000	0.0000	0.0800	0.1500	0.0000	0.0000	0.0100	0.0100	0.0100	0.0300	0.1000	0.0000	0.0000	0.0100	0.1100	0.0100	0.0100	0.2300	0.0000	0.2300					
3	APDPW	3	N	71164	1.0000	0.1116	0.0000	0.0000	0.2331	76742	28617	0.3700	0.0000	554859.0000	20.0000	0.1116	0.0000	0.0000	0.0000	NA	NA	NA	0.0000	446368.0000	20.0000	0.0000	0.0000	1.0000	0.0000	0.0000	0.0000	0.0000	0.0000	0.0000	0.0000	0.0000	0.0000	0.0000	0.0000	0.0000	0.0000	0.0000	0.0000	0.1700	0.0200	0.0700	0.0100	0.0100	0.0100	0.0100	0.0400	0.2800	0.0100	0.0000	0.0100	0.3200	0.0200	0.0200	0.0000	0.0000	0.0000					
4	APDPE	3	N	1183090	1.0000	0.1116	0.0000	0.0000	0.2210	1275823	509033	0.3700	0.0000	546937.0000	20.0000	0.1116	0.0000	0.0000	0.0000	NA	NA	NA	0.0000	449224.0000	20.0000	0.0000	0.0000	0.0000	1.0000	0.0000	0.0000	0.0000	0.0000	0.0000	0.0000	0.0000	0.0000	0.0000	0.0000	0.0000	0.0000	0.0000	0.0000	0.1700	0.0200	0.0100	0.0100	0.0100	0.0100	0.0100	0.0300	0.3100	0.0100	0.0000	0.0100	0.3500	0.0200	0.0200	0.0000	0.0000	0.0000					
5	APBSW	3	N	1079278	1.0000	0.1116	0.0000	0.0000	0.2223	1163874	433692	0.3700	0.0000	547800.0000	20.0000	0.1116	0.0000	0.0000	0.0000	NA	NA	NA	0.0000	448911.0000	20.0000	0.0000	0.0000	0.0000	0.0000	1.0000	0.0000	0.0000	0.0000	0.0000	0.0000	0.0000	0.0000	0.0000	0.0000	0.0000	0.0000	0.0000	0.0000	0.1700	0.0200	0.0100	0.0100	0.0200	0.0100	0.0100	0.0300	0.3100	0.0100	0.0000	0.0100	0.3500	0.0200	0.0200	0.0000	0.0000	0.0000					
6	APBSE	4	N	259496	1.0000	0.0810	0.0000	0.0000	0.1895	279836	82610	0.3700	0.0000	684375.0000	20.0000	0.0810	0.0000	0.0000	0.0000	NA	NA	NA	0.0000	486200.0000	20.0000	0.0000	0.0000	0.0000	0.0000	0.0000	1.0000	0.0000	0.0000	0.0000	0.0000	0.0000	0.0000	0.0000	0.0000	0.0000	0.0000	0.0000	0.0000	0.0700	0.0100	0.0000	0.0000	0.0100	0.1300	0.0100	0.0200	0.1000	0.0000	0.0000	0.0100	0.1100	0.0100	0.0100	0.2500	0.0000	0.2500					
7	APEI	3	N	852001	1.0000	0.1116	0.0000	0.0000	0.2198	918782	342394	0.3700	0.0000	546148.0000	20.0000	0.1116	0.0000	0.0000	0.0000	NA	NA	NA	0.0000	449510.0000	20.0000	0.0000	0.0000	0.0000	0.0000	0.0000	0.0000	1.0000	0.0000	0.0000	0.0000	0.0000	0.0000	0.0000	0.0000	0.0000	0.0000	0.0000	0.0000	0.1700	0.0200	0.0100	0.0100	0.0100	0.0100	0.0200	0.0300	0.3200	0.0100	0.0000	0.0100	0.3600	0.0200	0.0200	0.0000	0.0000	0.0000					
8	APE	5	N	715053	1.0000	0.0587	0.0000	0.0000	0.1442	771100	184029	0.3700	0.0000	797203.0000	20.0000	0.0587	0.0000	0.0000	0.0000	NA	NA	NA	0.0000	528720.0000	20.0000	0.0000	0.0000	0.0000	0.0000	0.0000	0.0000	0.0000	1.0000	0.0000	0.0000	0.0000	0.0000	0.0000	0.0000	0.0000	0.0000	0.0000	0.0000	0.0000	0.0000	0.0000	0.0000	0.0000	0.0000	0.0000	0.1000	0.0000	0.0000	0.0000	0.0000	0.0000	0.0000	0.0000	0.4500	0.0000	0.4500					
9	SOPA	NA	N	0	NA	NA	NA	NA	NA	NA	NA	NA	NA	NA	NA	0.0000	NA	NA	NA	NA	NA	NA	NA	NA	NA	NA	NA	NA	NA	NA	NA	NA	NA	NA	NA	NA	NA	NA	NA	NA	NA	NA	NA	NA	NA	NA	NA	NA	NA	NA	NA	NA	NA	NA	NA	NA	NA	NA	NA	NA	NA					
10	SOW	3	N	1812	1.0000	0.1116	0.0000	0.0000	0.2193	1954	717	0.3700	0.0000	545793.0000	20.0000	0.1116	0.0000	0.0000	0.0000	NA	NA	NA	0.0000	449638.0000	20.0000	0.0000	0.0000	0.0000	0.0000	0.0000	0.0000	0.0000	0.0000	0.0000	1.0000	0.0000	0.0000	0.0000	0.0000	0.0000	0.0000	0.0000	0.0000	0.1700	0.0200	0.0100	0.0100	0.0100	0.0100	0.0100	0.0300	0.3200	0.0100	0.0000	0.0100	0.3600	0.0200	0.0200	0.0000	0.0000	0.0000					
11	SONE	5	N	463307	1.0000	0.0595	0.0000	0.0000	0.1456	499622	118354	0.3700	0.0000	791914.0000	20.0000	0.0595	0.0000	0.0000	0.0000	NA	NA	NA	0.0000	526953.0000	20.0000	0.0000	0.0000	0.0000	0.0000	0.0000	0.0000	0.0000	0.0000	0.0000	0.0000	1.0000	0.0000	0.0000	0.0000	0.0000	0.0000	0.0000	0.0000	0.0000	0.0000	0.0000	0.0000	0.0000	0.0000	0.0000	0.0000	0.0100	0.0000	0.1000	0.0000	0.0100	0.0000	0.0000	0.4400	0.0000	0.4400					
12	SOSE	3	N	1588430	1.0000	0.0989	0.0000	0.0000	0.2028	1712934	573708	0.3700	0.0000	594790.0000	20.0000	0.0989	0.0000	0.0000	0.0000	NA	NA	NA	0.0000	464345.0000	20.0000	0.0000	0.0000	0.0000	0.0000	0.0000	0.0000	0.0000	0.0000	0.0000	0.0000	0.0000	1.0000	0.0000	0.0000	0.0000	0.0000	0.0000	0.0000	0.1300	0.0100	0.0100	0.0100	0.0100	0.0100	0.0100	0.0200	0.2400	0.0000	0.0000	0.0400	0.2700	0.0100	0.0200	0.1000	0.0000	0.1000					
13	SGPA	NA	N	0	NA	NA	NA	NA	NA	NA	NA	NA	NA	NA	NA	NA	NA	NA	NA	NA	NA	NA	NA	0.0000	NA	NA	NA	NA	NA	NA	NA	NA	NA	NA	NA	NA	NA	NA	NA	NA	NA	NA	NA	NA	NA	NA	NA	NA	NA	NA	NA	NA	NA	NA	NA	NA	NA	NA	NA	NA	NA					
14	SGW	5	N	6642811	1.0000	0.0417	0.0000	0.0000	0.1079	4317827	879308	0.3700	0.0000	494138.0000	20.0000	0.0417	0.0000	0.0000	0.0000	NA	NA	NA	0.0000	489791.0000	20.0000	0.0000	0.0000	0.0000	0.0000	0.0000	0.0000	0.0000	0.0000	0.0000	0.0000	0.0000	0.0000	0.0000	1.0000	0.0000	0.0000	0.0000	0.0000	0.0900	0.0100	0.0000	0.0000	0.0000	0.0100	0.0100	0.0200	0.1600	0.0000	0.0000	0.0000	0.1800	0.5100	0.0100	0.0000	0.0000	0.0000					
15	SGE	4	N	564496	1.0000	0.0661	0.0000	0.0000	0.1843	366922	118934	0.3700	0.0000	536057.0000	20.0000	0.0661	0.0000	0.0000	0.0000	NA	NA	NA	0.0000	467405.0000	20.0000	0.0000	0.0000	0.0000	0.0000	0.0000	0.0000	0.0000	0.0000	0.0000	0.0000	0.0000	0.0000	0.0000	0.0000	1.0000	0.0000	0.0000	0.0000	0.1100	0.0200	0.0100	0.0100	0.0100	0.0100	0.0100	0.0400	0.1100	0.0000	0.0000	0.0100	0.1200	0.0200	0.5200	0.0000	0.0000	0.0000					
																																																																		
FISH																																																																		
		Rage	init.type	init.value	Jphi	M	Mswitch	Mprop	Ralpha	RSpeak	RRpeak	Rphi	Qq	QQmax	Qk5	M	Mswitch	Mprop	Ralpha	RSpeak	RRpeak	Rphi	Qq	QQmax	Qk5	p1	p2	p3	p4	p5	p6	p7	p8	p9	p10	p11	p12	p13	p14	p15	p16	p17	p18	p1	p2	p3	p4	p5	p6	p7	p8	p9	p10	p11	p12	p13	p14	p15	p16	p17	p18					
SSMU	SSMU	NA	NA	NA	NA	1	1	1	1	1	1	1	1	1	1	2	2	2	2	2	2	2	2	2	2	1	1	1	1	1	1	1	1	1	1	1	1	1	1	1	1	1	1	2	2	2	2	2	2	2	2	2	2	2	2	2	2	2	2	2	2					
1	APPA	2	N	8402727132	NA	0.3693	0.0000	0.0000	10.0000	8500000000	6616624108	0.3700	0.0000	1949.7003	5.0000	0.3693	0.0000	0.0000	0.0000	NA	NA	NA	0.0000	271.7391	5.0000	1.0000	0.0000	0.0000	0.0000	0.0000	0.0000	0.0000	0.0000	0.0000	0.0000	0.0000	0.0000	0.0000	0.0000	0.0000	0.0000	0.0000	0.0000	1.0000	0.0000	0.0000	0.0000	0.0000	0.0000	0.0000	0.0000	0.0000	0.0000	0.0000	0.0000	0.0000	0.0000	0.0000	0.0000	0.0000	0.0000					
2	APW	3	N	834429245	NA	0.2483	0.0000	0.0000	10.0000	850000000	421233884	0.3700	0.0000	3386.2551	5.0000	0.2483	0.0000	0.0000	0.0000	NA	NA	NA	0.0000	673.9130	5.0000	0.0000	1.0000	0.0000	0.0000	0.0000	0.0000	0.0000	0.0000	0.0000	0.0000	0.0000	0.0000	0.0000	0.0000	0.0000	0.0000	0.0000	0.0000	0.0000	1.0000	0.0000	0.0000	0.0000	0.0000	0.0000	0.0000	0.0000	0.0000	0.0000	0.0000	0.0000	0.0000	0.0000	0.0000	0.0000	0.0000					
3	APDPW	3	N	301932508	NA	0.2934	0.0000	0.0000	10.0000	320000000	181072676	0.3700	0.0000	2881.2925	5.0000	0.2934	0.0000	0.0000	0.0000	NA	NA	NA	0.0000	493.4783	5.0000	0.0000	0.0000	1.0000	0.0000	0.0000	0.0000	0.0000	0.0000	0.0000	0.0000	0.0000	0.0000	0.0000	0.0000	0.0000	0.0000	0.0000	0.0000	0.0000	0.0000	1.0000	0.0000	0.0000	0.0000	0.0000	0.0000	0.0000	0.0000	0.0000	0.0000	0.0000	0.0000	0.0000	0.0000	0.0000	0.0000					
4	APDPE	3	N	322045302	NA	0.2824	0.0000	0.0000	10.0000	330000000	188330169	0.3700	0.0000	3007.6453	5.0000	0.2824	0.0000	0.0000	0.0000	NA	NA	NA	0.0000	532.6087	5.0000	0.0000	0.0000	0.0000	1.0000	0.0000	0.0000	0.0000	0.0000	0.0000	0.0000	0.0000	0.0000	0.0000	0.0000	0.0000	0.0000	0.0000	0.0000	0.0000	0.0000	0.0000	1.0000	0.0000	0.0000	0.0000	0.0000	0.0000	0.0000	0.0000	0.0000	0.0000	0.0000	0.0000	0.0000	0.0000	0.0000					
5	APBSW	3	N	438862551	NA	0.2782	0.0000	0.0000	10.0000	450000000	248962308	0.3700	0.0000	3054.4518	5.0000	0.2782	0.0000	0.0000	0.0000	NA	NA	NA	0.0000	547.8261	5.0000	0.0000	0.0000	0.0000	0.0000	1.0000	0.0000	0.0000	0.0000	0.0000	0.0000	0.0000	0.0000	0.0000	0.0000	0.0000	0.0000	0.0000	0.0000	0.0000	0.0000	0.0000	0.0000	1.0000	0.0000	0.0000	0.0000	0.0000	0.0000	0.0000	0.0000	0.0000	0.0000	0.0000	0.0000	0.0000	0.0000					
6	APBSE	3	N	574691426	NA	0.2779	0.0000	0.0000	10.0000	590000000	325634482	0.3700	0.0000	3058.1646	5.0000	0.2779	0.0000	0.0000	0.0000	NA	NA	NA	0.0000	550.0000	5.0000	0.0000	0.0000	0.0000	0.0000	0.0000	1.0000	0.0000	0.0000	0.0000	0.0000	0.0000	0.0000	0.0000	0.0000	0.0000	0.0000	0.0000	0.0000	0.0000	0.0000	0.0000	0.0000	0.0000	1.0000	0.0000	0.0000	0.0000	0.0000	0.0000	0.0000	0.0000	0.0000	0.0000	0.0000	0.0000	0.0000					
7	APEI	2	N	679683642	NA	0.3532	0.0000	0.0000	10.0000	690000000	493237456	0.3700	0.0000	2156.8696	5.0000	0.3532	0.0000	0.0000	0.0000	NA	NA	NA	0.0000	313.0435	5.0000	0.0000	0.0000	0.0000	0.0000	0.0000	0.0000	1.0000	0.0000	0.0000	0.0000	0.0000	0.0000	0.0000	0.0000	0.0000	0.0000	0.0000	0.0000	0.0000	0.0000	0.0000	0.0000	0.0000	0.0000	1.0000	0.0000	0.0000	0.0000	0.0000	0.0000	0.0000	0.0000	0.0000	0.0000	0.0000	0.0000					
8	APE	3	N	1553175192	NA	0.2340	0.0000	0.0000	10.0000	1600000000	738154270	0.3700	0.0000	3539.9522	5.0000	0.2340	0.0000	0.0000	0.0000	NA	NA	NA	0.0000	743.4783	5.0000	0.0000	0.0000	0.0000	0.0000	0.0000	0.0000	0.0000	1.0000	0.0000	0.0000	0.0000	0.0000	0.0000	0.0000	0.0000	0.0000	0.0000	0.0000	0.0000	0.0000	0.0000	0.0000	0.0000	0.0000	0.0000	1.0000	0.0000	0.0000	0.0000	0.0000	0.0000	0.0000	0.0000	0.0000	0.0000	0.0000					
9	SOPA	2	N	69055728795	NA	0.4845	0.0000	0.0000	10.0000	70000000000	71456960666	0.3700	0.0000	303.8297	5.0000	0.4845	0.0000	0.0000	0.0000	NA	NA	NA	0.0000	52.1739	5.0000	0.0000	0.0000	0.0000	0.0000	0.0000	0.0000	0.0000	0.0000	1.0000	0.0000	0.0000	0.0000	0.0000	0.0000	0.0000	0.0000	0.0000	0.0000	0.0000	0.0000	0.0000	0.0000	0.0000	0.0000	0.0000	0.0000	1.0000	0.0000	0.0000	0.0000	0.0000	0.0000	0.0000	0.0000	0.0000	0.0000					
10	SOW	2	N	320095594	NA	0.3809	0.0000	0.0000	10.0000	340000000	250889095	0.3700	0.0000	1797.2609	5.0000	0.3809	0.0000	0.0000	0.0000	NA	NA	NA	0.0000	243.4783	5.0000	0.0000	0.0000	0.0000	0.0000	0.0000	0.0000	0.0000	0.0000	0.0000	1.0000	0.0000	0.0000	0.0000	0.0000	0.0000	0.0000	0.0000	0.0000	0.0000	0.0000	0.0000	0.0000	0.0000	0.0000	0.0000	0.0000	0.0000	1.0000	0.0000	0.0000	0.0000	0.0000	0.0000	0.0000	0.0000	0.0000					
11	SONE	2	N	196909670	NA	0.3458	0.0000	0.0000	10.0000	200000000	139280773	0.3700	0.0000	2250.2935	5.0000	0.3458	0.0000	0.0000	0.0000	NA	NA	NA	0.0000	332.6087	5.0000	0.0000	0.0000	0.0000	0.0000	0.0000	0.0000	0.0000	0.0000	0.0000	0.0000	1.0000	0.0000	0.0000	0.0000	0.0000	0.0000	0.0000	0.0000	0.0000	0.0000	0.0000	0.0000	0.0000	0.0000	0.0000	0.0000	0.0000	0.0000	1.0000	0.0000	0.0000	0.0000	0.0000	0.0000	0.0000	0.0000					
12	SOSE	3	N	389311850	NA	0.2364	0.0000	0.0000	10.0000	400000000	186353705	0.3700	0.0000	3513.6192	5.0000	0.2364	0.0000	0.0000	0.0000	NA	NA	NA	0.0000	730.4348	5.0000	0.0000	0.0000	0.0000	0.0000	0.0000	0.0000	0.0000	0.0000	0.0000	0.0000	0.0000	1.0000	0.0000	0.0000	0.0000	0.0000	0.0000	0.0000	0.0000	0.0000	0.0000	0.0000	0.0000	0.0000	0.0000	0.0000	0.0000	0.0000	0.0000	1.0000	0.0000	0.0000	0.0000	0.0000	0.0000	0.0000					
13	SGPA	2	N	248777387143	NA	0.4962	0.0000	0.0000	10.0000	250000000000	264154699877	0.3700	0.0000	92.5524	5.0000	0.4962	0.0000	0.0000	0.0000	NA	NA	NA	0.0000	34.7826	5.0000	0.0000	0.0000	0.0000	0.0000	0.0000	0.0000	0.0000	0.0000	0.0000	0.0000	0.0000	0.0000	1.0000	0.0000	0.0000	0.0000	0.0000	0.0000	0.0000	0.0000	0.0000	0.0000	0.0000	0.0000	0.0000	0.0000	0.0000	0.0000	0.0000	0.0000	1.0000	0.0000	0.0000	0.0000	0.0000	0.0000					
14	SGW	2	N	1140779048	NA	0.3358	0.0000	0.0000	10.0000	1200000000	800600899	0.3700	0.0000	1432.5866	5.0000	0.3358	0.0000	0.0000	0.0000	NA	NA	NA	0.0000	382.6087	5.0000	0.0000	0.0000	0.0000	0.0000	0.0000	0.0000	0.0000	0.0000	0.0000	0.0000	0.0000	0.0000	0.0000	1.0000	0.0000	0.0000	0.0000	0.0000	0.0000	0.0000	0.0000	0.0000	0.0000	0.0000	0.0000	0.0000	0.0000	0.0000	0.0000	0.0000	0.0000	1.0000	0.0000	0.0000	0.0000	0.0000					
15	SGE	2	N	1477796628	NA	0.3438	0.0000	0.0000	10.0000	1500000000	1061832531	0.3700	0.0000	1372.4476	5.0000	0.3438	0.0000	0.0000	0.0000	NA	NA	NA	0.0000	358.6957	5.0000	0.0000	0.0000	0.0000	0.0000	0.0000	0.0000	0.0000	0.0000	0.0000	0.0000	0.0000	0.0000	0.0000	0.0000	1.0000	0.0000	0.0000	0.0000	0.0000	0.0000	0.0000	0.0000	0.0000	0.0000	0.0000	0.0000	0.0000	0.0000	0.0000	0.0000	0.0000	0.0000	1.0000	0.0000	0.0000	0.0000					
																																																																		
KRILL																																																																		
		wbar	init.density	M0	Ralpha	Rbeta	Rphi	M0	Ralpha	Rbeta	Rphi																																																							
Area	SSMU	NA	NA	1	1	1	1	2	2	2	2																																																							
1	APPA	0.4600	39.2000	0.0000	17304347826087	1000	1.0000	0.0000	0.0000	NA	NA																																																							
2	APW	0.4600	272.0000	0.0000	3565217391304	1000	1.0000	0.0000	0.0000	NA	NA																																																							
3	APDPW	0.4600	272.0000	0.0000	1065217391304	1000	1.0000	0.0000	0.0000	NA	NA																																																							
4	APDPE	0.4600	75.4000	0.0000	1608695652174	1000	1.0000	0.0000	0.0000	NA	NA																																																							
5	APBSW	0.4600	271.9200	0.0000	2130434782609	1000	1.0000	0.0000	0.0000	NA	NA																																																							
6	APBSE	0.4600	271.9200	0.0000	2282608695652	1000	1.0000	0.0000	0.0000	NA	NA																																																							
7	APEI	0.4600	271.9200	0.0000	2152173913043	1000	1.0000	0.0000	0.0000	NA	NA																																																							
8	APE	0.4600	271.9200	0.0000	7239130434783	1000	1.0000	0.0000	0.0000	NA	NA																																																							
9	SOPA	0.4600	62.9400	0.0000	23913043478261	1000	1.0000	0.0000	0.0000	NA	NA																																																							
10	SOW	0.4600	638.8400	0.0000	652173913043	1000	1.0000	0.0000	0.0000	NA	NA																																																							
11	SONE	0.4600	638.8400	0.0000	891304347826	1000	1.0000	0.0000	0.0000	NA	NA																																																							
12	SOSE	0.4600	638.8400	0.0000	2608695652174	1000	1.0000	0.0000	0.0000	NA	NA																																																							
13	SGPA	0.4600	62.9400	0.0000	30630434782609	1000	1.0000	0.0000	0.0000	NA	NA																																																							
14	SGW	0.4600	67.6800	0.0000	6000000000000	1000	1.0000	0.0000	0.0000	NA	NA																																																							
15	SGE	0.4600	67.6800	0.0000	2804347826087	1000	1.0000	0.0000	0.0000	NA	NA																																																							
16	BT1	0.4600	NA	NA	NA	NA	NA	NA	NA	NA	NA																																																							
17	BT2	0.4600	NA	NA	NA	NA	NA	NA	NA	NA	NA																																																							
18	BT2	0.4600	NA	NA	NA	NA	NA	NA	NA	NA	NA																																																							
																																																																		
CATCH.SETUP																																																																		
Year	Season	SSMU.1	SSMU.2	SSMU.3	SSMU.4	SSMU.5	SSMU.6	SSMU.7	SSMU.8	SSMU.9	SSMU.10	SSMU.11	SSMU.12	SSMU.13	SSMU.14	SSMU.15																																																		
1	1	1.0000	1.0000	1.0000	1.0000	1.0000	1.0000	1.0000	1.0000	1.0000	1.0000	1.0000	1.0000	0.0000	0.0000	0.0000																																																		
1	2	0.0000	0.0000	0.0000	0.0000	0.0000	0.0000	0.0000	0.0000	0.0000	0.0000	0.0000	0.0000	1.0000	1.0000	1.0000																																																		
																																																																		
FISHING.OPTION5.SETUP																																																																		
Option5.Areas	Monitored.Spp.	Monitoring.Season	N.Points	Density.distribution	Obs.Multiplier	Obs.SD																																																												
1	NA	NA	NA	"runif(n=100,min=5,max=45)"	NA	NA																																																												
2	NA	NA	NA	"runif(n=100,min=5,max=45)"	NA	NA																																																												
3	pengs	1.0000	10.0000	"runif(n=100,min=5,max=45)"	1.0000	0.0100																																																												
4	NA	NA	NA	"runif(n=100,min=5,max=45)"	NA	NA																																																												
5	NA	NA	NA	"runif(n=100,min=5,max=45)"	NA	NA																																																												
6	NA	NA	NA	"runif(n=100,min=5,max=45)"	NA	NA																																																												
7	NA	NA	NA	"runif(n=100,min=5,max=45)"	NA	NA																																																												
8	NA	NA	NA	"runif(n=100,min=5,max=45)"	NA	NA																																																												
9	NA	NA	NA	"runif(n=100,min=5,max=45)"	NA	NA																																																												
10	pengs	1.0000	10.0000	"runif(n=100,min=5,max=45)"	1.0000	0.0100																																																												
11	NA	NA	NA	"runif(n=100,min=5,max=45)"	NA	NA																																																												
12	NA	NA	NA	"runif(n=100,min=5,max=45)"	NA	NA																																																												
13	NA	NA	NA	"runif(n=100,min=5,max=45)"	NA	NA																																																												
14	pengs	1.0000	10.0000	"runif(n=100,min=5,max=45)"	1.0000	0.0100																																																												
15	NA	NA	NA	"runif(n=100,min=5,max=45)"	NA	NA																																																												
16	NA	NA	NA	"runif(n=100,min=5,max=45)"	NA	NA																																																												
17	NA	NA	NA	"runif(n=100,min=5,max=45)"	NA	NA																																																												
18	NA	NA	NA	"runif(n=100,min=5,max=45)"	NA	NA																																																												
																																																																		
THESHOLD.DENSITY																																																																		
SSMU.1	SSMU.2	SSMU.3	SSMU.4	SSMU.5	SSMU.6	SSMU.7	SSMU.8	SSMU.9	SSMU.10	SSMU.11	SSMU.12	SSMU.13	SSMU.14	SSMU.15																																																				
0.0000	0.0000	0.0000	0.0000	0.0000	0.0000	0.0000	0.0000	0.0000	0.0000	0.0000	0.0000	0.0000	0.0000	0.0000																																																				
																																																																		
AVAILABLE.FRACTION																																																																		
SSMU.1	SSMU.2	SSMU.3	SSMU.4	SSMU.5	SSMU.6	SSMU.7	SSMU.8	SSMU.9	SSMU.10	SSMU.11	SSMU.12	SSMU.13	SSMU.14	SSMU.15	BT.1	BT.2	BT.3																																																	
0.9500	0.9500	0.9500	0.9500	0.9500	0.9500	0.9500	0.9500	0.9500	0.9500	0.9500	0.9500	0.9500	0.9500	0.9500	0.9500	0.9500	0.9500																																																	
																																																																		
VMATRIX																																																																		
Name	SSMU.1	SSMU.2	SSMU.3	SSMU.4	SSMU.5	SSMU.6	SSMU.7	SSMU.8	SSMU.9	SSMU.10	SSMU.11	SSMU.12	SSMU.13	SSMU.14	SSMU.15	BT.1	BT.2	BT.3	SSMU.1	SSMU.2	SSMU.3	SSMU.4	SSMU.5	SSMU.6	SSMU.7	SSMU.8	SSMU.9	SSMU.10	SSMU.11	SSMU.12	SSMU.13	SSMU.14	SSMU.15	BT.1	BT.2	BT.3																														
Season	1	1	1	1	1	1	1	1	1	1	1	1	1	1	1	1	1	1	2	2	2	2	2	2	2	2	2	2	2	2	2	2	2	2	2	2																														
SSMU.1	0.0000	0.0000	0.0000	0.0000	0.0000	0.0000	0.0000	0.0000	0.0000	0.0000	0.0000	0.0000	0.0000	0.0000	0.0000	0.0000	0.0000	0.0000	0.0000	0.0000	0.0000	0.0000	0.0000	0.0000	0.0000	0.0000	0.0000	0.0000	0.0000	0.0000	0.0000	0.0000	0.0000	0.0000	0.0000	0.0000																														
SSMU.2	0.0000	0.0000	0.0000	0.0000	0.0000	0.0000	0.0000	0.0000	0.0000	0.0000	0.0000	0.0000	0.0000	0.0000	0.0000	0.0000	0.0000	0.0000	0.0000	0.0000	0.0000	0.0000	0.0000	0.0000	0.0000	0.0000	0.0000	0.0000	0.0000	0.0000	0.0000	0.0000	0.0000	0.0000	0.0000	0.0000																														
SSMU.3	0.0000	0.0000	0.0000	0.0000	0.0000	0.0000	0.0000	0.0000	0.0000	0.0000	0.0000	0.0000	0.0000	0.0000	0.0000	0.0000	0.0000	0.0000	0.0000	0.0000	0.0000	0.0000	0.0000	0.0000	0.0000	0.0000	0.0000	0.0000	0.0000	0.0000	0.0000	0.0000	0.0000	0.0000	0.0000	0.0000																														
SSMU.4	0.0000	0.0000	0.0000	0.0000	0.0000	0.0000	0.0000	0.0000	0.0000	0.0000	0.0000	0.0000	0.0000	0.0000	0.0000	0.0000	0.0000	0.0000	0.0000	0.0000	0.0000	0.0000	0.0000	0.0000	0.0000	0.0000	0.0000	0.0000	0.0000	0.0000	0.0000	0.0000	0.0000	0.0000	0.0000	0.0000																														
SSMU.5	0.0000	0.0000	0.0000	0.0000	0.0000	0.0000	0.0000	0.0000	0.0000	0.0000	0.0000	0.0000	0.0000	0.0000	0.0000	0.0000	0.0000	0.0000	0.0000	0.0000	0.0000	0.0000	0.0000	0.0000	0.0000	0.0000	0.0000	0.0000	0.0000	0.0000	0.0000	0.0000	0.0000	0.0000	0.0000	0.0000																														
SSMU.6	0.0000	0.0000	0.0000	0.0000	0.0000	0.0000	0.0000	0.0000	0.0000	0.0000	0.0000	0.0000	0.0000	0.0000	0.0000	0.0000	0.0000	0.0000	0.0000	0.0000	0.0000	0.0000	0.0000	0.0000	0.0000	0.0000	0.0000	0.0000	0.0000	0.0000	0.0000	0.0000	0.0000	0.0000	0.0000	0.0000																														
SSMU.7	0.0000	0.0000	0.0000	0.0000	0.0000	0.0000	0.0000	0.0000	0.0000	0.0000	0.0000	0.0000	0.0000	0.0000	0.0000	0.0000	0.0000	0.0000	0.0000	0.0000	0.0000	0.0000	0.0000	0.0000	0.0000	0.0000	0.0000	0.0000	0.0000	0.0000	0.0000	0.0000	0.0000	0.0000	0.0000	0.0000																														
SSMU.8	0.0000	0.0000	0.0000	0.0000	0.0000	0.0000	0.0000	0.0000	0.0000	0.0000	0.0000	0.0000	0.0000	0.0000	0.0000	0.0000	0.0000	0.0000	0.0000	0.0000	0.0000	0.0000	0.0000	0.0000	0.0000	0.0000	0.0000	0.0000	0.0000	0.0000	0.0000	0.0000	0.0000	0.0000	0.0000	0.0000																														
SSMU.9	0.0000	0.0000	0.0000	0.0000	0.0000	0.0000	0.0000	0.0000	0.0000	0.0000	0.0000	0.0000	0.0000	0.0000	0.0000	0.0000	0.0000	0.0000	0.0000	0.0000	0.0000	0.0000	0.0000	0.0000	0.0000	0.0000	0.0000	0.0000	0.0000	0.0000	0.0000	0.0000	0.0000	0.0000	0.0000	0.0000																														
SSMU.10	0.0000	0.0000	0.0000	0.0000	0.0000	0.0000	0.0000	0.0000	0.0000	0.0000	0.0000	0.0000	0.0000	0.0000	0.0000	0.0000	0.0000	0.0000	0.0000	0.0000	0.0000	0.0000	0.0000	0.0000	0.0000	0.0000	0.0000	0.0000	0.0000	0.0000	0.0000	0.0000	0.0000	0.0000	0.0000	0.0000																														
SSMU.11	0.0000	0.0000	0.0000	0.0000	0.0000	0.0000	0.0000	0.0000	0.0000	0.0000	0.0000	0.0000	0.0000	0.0000	0.0000	0.0000	0.0000	0.0000	0.0000	0.0000	0.0000	0.0000	0.0000	0.0000	0.0000	0.0000	0.0000	0.0000	0.0000	0.0000	0.0000	0.0000	0.0000	0.0000	0.0000	0.0000																														
SSMU.12	0.0000	0.0000	0.0000	0.0000	0.0000	0.0000	0.0000	0.0000	0.0000	0.0000	0.0000	0.0000	0.0000	0.0000	0.0000	0.0000	0.0000	0.0000	0.0000	0.0000	0.0000	0.0000	0.0000	0.0000	0.0000	0.0000	0.0000	0.0000	0.0000	0.0000	0.0000	0.0000	0.0000	0.0000	0.0000	0.0000																														
SSMU.13	0.0000	0.0000	0.0000	0.0000	0.0000	0.0000	0.0000	0.0000	0.0000	0.0000	0.0000	0.0000	0.0000	0.0000	0.0000	0.0000	0.0000	0.0000	0.0000	0.0000	0.0000	0.0000	0.0000	0.0000	0.0000	0.0000	0.0000	0.0000	0.0000	0.0000	0.0000	0.0000	0.0000	0.0000	0.0000	0.0000																														
SSMU.14	0.0000	0.0000	0.0000	0.0000	0.0000	0.0000	0.0000	0.0000	0.0000	0.0000	0.0000	0.0000	0.0000	0.0000	0.0000	0.0000	0.0000	0.0000	0.0000	0.0000	0.0000	0.0000	0.0000	0.0000	0.0000	0.0000	0.0000	0.0000	0.0000	0.0000	0.0000	0.0000	0.0000	0.0000	0.0000	0.0000																														
SSMU.15	0.0000	0.0000	0.0000	0.0000	0.0000	0.0000	0.0000	0.0000	0.0000	0.0000	0.0000	0.0000	0.0000	0.0000	0.0000	0.0000	0.0000	0.0000	0.0000	0.0000	0.0000	0.0000	0.0000	0.0000	0.0000	0.0000	0.0000	0.0000	0.0000	0.0000	0.0000	0.0000	0.0000	0.0000	0.0000	0.0000																														
BT.1	0.0000	0.0000	0.0000	0.0000	0.0000	0.0000	0.0000	0.0000	0.0000	0.0000	0.0000	0.0000	0.0000	0.0000	0.0000	0.0000	0.0000	0.0000	0.0000	0.0000	0.0000	0.0000	0.0000	0.0000	0.0000	0.0000	0.0000	0.0000	0.0000	0.0000	0.0000	0.0000	0.0000	0.0000	0.0000	0.0000																														
BT.2	0.0000	0.0000	0.0000	0.0000	0.0000	0.0000	0.0000	0.0000	0.0000	0.0000	0.0000	0.0000	0.0000	0.0000	0.0000	0.0000	0.0000	0.0000	0.0000	0.0000	0.0000	0.0000	0.0000	0.0000	0.0000	0.0000	0.0000	0.0000	0.0000	0.0000	0.0000	0.0000	0.0000	0.0000	0.0000	0.0000																														
BT.3	0.0000	0.0000	0.0000	0.0000	0.0000	0.0000	0.0000	0.0000	0.0000	0.0000	0.0000	0.0000	0.0000	0.0000	0.0000	0.0000	0.0000	0.0000	0.0000	0.0000	0.0000	0.0000	0.0000	0.0000	0.0000	0.0000	0.0000	0.0000	0.0000	0.0000	0.0000	0.0000	0.0000	0.0000	0.0000	0.0000																														
																																																																		
COMPETITION.MATRIX																																																																		
	Seals	Pengs	Whales	Fish	Fishery																																																													
SSMU.1	1.0000	1.0000	1.0000	1.0000	1.0000																																																													
SSMU.2	1.0000	1.0000	1.0000	1.0000	1.0000																																																													
SSMU.3	1.0000	1.0000	1.0000	1.0000	1.0000																																																													
SSMU.4	1.0000	1.0000	1.0000	1.0000	1.0000																																																													
SSMU.5	1.0000	1.0000	1.0000	1.0000	1.0000																																																													
SSMU.6	1.0000	1.0000	1.0000	1.0000	1.0000																																																													
SSMU.7	1.0000	1.0000	1.0000	1.0000	1.0000																																																													
SSMU.8	1.0000	1.0000	1.0000	1.0000	1.0000																																																													
SSMU.9	1.0000	1.0000	1.0000	1.0000	1.0000																																																													
SSMU.10	1.0000	1.0000	1.0000	1.0000	1.0000																																																													
SSMU.11	1.0000	1.0000	1.0000	1.0000	1.0000																																																													
SSMU.12	1.0000	1.0000	1.0000	1.0000	1.0000																																																													
SSMU.13	1.0000	1.0000	1.0000	1.0000	1.0000																																																													
SSMU.14	1.0000	1.0000	1.0000	1.0000	1.0000																																																													
SSMU.15	1.0000	1.0000	1.0000	1.0000	1.0000																																																													
BT1	1.0000	1.0000	1.0000	1.0000	1.0000																																																													
BT2	1.0000	1.0000	1.0000	1.0000	1.0000																																																													
BT3	1.0000	1.0000	1.0000	1.0000	1.0000																																																													
																																																																		
TIMESERIES																																																																		
Year	Season	Tub1	Tub2 	Tub3	Env.anomoly	Fill down as required																																																												
1	1	150000000000000	210000000000000	30000000000000	0.0000																																																													
1	2	150000000000000	210000000000000	30000000000000	0.0000																																																													
2	1	150000000000000	210000000000000	30000000000000	0.0000																																																													
2	2	150000000000000	210000000000000	30000000000000	0.0000																																																													
3	1	150000000000000	210000000000000	30000000000000	0.0000																																																													
3	2	150000000000000	210000000000000	30000000000000	0.0000																																																													
4	1	150000000000000	210000000000000	30000000000000	0.0000																																																													
4	2	150000000000000	210000000000000	30000000000000	0.0000																																																													
5	1	150000000000000	210000000000000	30000000000000	0.0000																																																													
5	2	150000000000000	210000000000000	30000000000000	0.0000																																																													
6	1	150000000000000	210000000000000	30000000000000	0.0000																																																													
6	2	150000000000000	210000000000000	30000000000000	0.0000																																																													
7	1	150000000000000	210000000000000	30000000000000	0.0000																																																													
7	2	150000000000000	210000000000000	30000000000000	0.0000																																																													
8	1	150000000000000	210000000000000	30000000000000	0.0000																																																													
8	2	150000000000000	210000000000000	30000000000000	0.0000																																																													
9	1	150000000000000	210000000000000	30000000000000	0.0000																																																													
9	2	150000000000000	210000000000000	30000000000000	0.0000																																																													
10	1	150000000000000	210000000000000	30000000000000	0.0000																																																													
10	2	150000000000000	210000000000000	30000000000000	0.0000																																																													
11	1	150000000000000	210000000000000	30000000000000	0.0000																																																													
11	2	150000000000000	210000000000000	30000000000000	0.0000																																																													
12	1	150000000000000	210000000000000	30000000000000	0.0000																																																													
12	2	150000000000000	210000000000000	30000000000000	0.0000																																																													
13	1	150000000000000	210000000000000	30000000000000	0.0000																																																													
13	2	150000000000000	210000000000000	30000000000000	0.0000																																																													
14	1	150000000000000	210000000000000	30000000000000	0.0000																																																													
14	2	150000000000000	210000000000000	30000000000000	0.0000																																																													
15	1	150000000000000	210000000000000	30000000000000	0.0000																																																													
15	2	150000000000000	210000000000000	30000000000000	0.0000																																																													
16	1	126134462288057	176588247203280	25226892457611	-0.1733																																																													
16	2	126134462288057	176588247203280	25226892457611	-0.1733																																																													
17	1	106066017177982	148492424049175	21213203435596	-0.3466																																																													
17	2	106066017177982	148492424049175	21213203435596	-0.3466																																																													
18	1	89190533625204	124866747075286	17838106725041	-0.5199																																																													
18	2	89190533625204	124866747075286	17838106725041	-0.5199																																																													
19	1	75000000000000	105000000000000	15000000000000	-0.6931																																																													
19	2	75000000000000	105000000000000	15000000000000	-0.6931																																																													
20	1	75000000000000	105000000000000	15000000000000	-0.6931																																																													
20	2	75000000000000	105000000000000	15000000000000	-0.6931																																																													
21	1	75000000000000	105000000000000	15000000000000	-0.6931																																																													
21	2	75000000000000	105000000000000	15000000000000	-0.6931																																																													
22	1	75000000000000	105000000000000	15000000000000	-0.6931																																																													
22	2	75000000000000	105000000000000	15000000000000	-0.6931																																																													
23	1	75000000000000	105000000000000	15000000000000	-0.6931																																																													
23	2	75000000000000	105000000000000	15000000000000	-0.6931																																																													
24	1	75000000000000	105000000000000	15000000000000	-0.6931																																																													
24	2	75000000000000	105000000000000	15000000000000	-0.6931																																																													
25	1	75000000000000	105000000000000	15000000000000	-0.6931																																																													
25	2	75000000000000	105000000000000	15000000000000	-0.6931																																																													
26	1	75000000000000	105000000000000	15000000000000	-0.6931																																																													
26	2	75000000000000	105000000000000	15000000000000	-0.6931																																																													
27	1	75000000000000	105000000000000	15000000000000	-0.6931																																																													
27	2	75000000000000	105000000000000	15000000000000	-0.6931																																																													
28	1	75000000000000	105000000000000	15000000000000	-0.6931																																																													
28	2	75000000000000	105000000000000	15000000000000	-0.6931																																																													
29	1	75000000000000	105000000000000	15000000000000	-0.6931																																																													
29	2	75000000000000	105000000000000	15000000000000	-0.6931																																																													
30	1	75000000000000	105000000000000	15000000000000	-0.6931																																																													
30	2	75000000000000	105000000000000	15000000000000	-0.6931																																																													
31	1	75000000000000	105000000000000	15000000000000	-0.6931																																																													
31	2	75000000000000	105000000000000	15000000000000	-0.6931																																																													
32	1	75000000000000	105000000000000	15000000000000	-0.6931																																																													
32	2	75000000000000	105000000000000	15000000000000	-0.6931																																																													
33	1	75000000000000	105000000000000	15000000000000	-0.6931																																																													
33	2	75000000000000	105000000000000	15000000000000	-0.6931																																																													
34	1	75000000000000	105000000000000	15000000000000	-0.6931																																																													
34	2	75000000000000	105000000000000	15000000000000	-0.6931																																																													
35	1	75000000000000	105000000000000	15000000000000	-0.6931																																																													
35	2	75000000000000	105000000000000	15000000000000	-0.6931																																																													
36	1	75000000000000	105000000000000	15000000000000	-0.6931																																																													
36	2	75000000000000	105000000000000	15000000000000	-0.6931																																																													
37	1	75000000000000	105000000000000	15000000000000	-0.6931																																																													
37	2	75000000000000	105000000000000	15000000000000	-0.6931																																																													
38	1	75000000000000	105000000000000	15000000000000	-0.6931																																																													
38	2	75000000000000	105000000000000	15000000000000	-0.6931																																																													
